-4.0899 -2.77412 -1.88411 -1.41936 -1.37927 -1.76313 -2.57012 -3.79934 -5.44976 -7.52027 
-8.1028 -5.03061 -2.82266 -1.47801 -0.995519 -1.37382 -2.61136 -4.70635 -7.65682 -11.4606 
-11.8123 -7.08718 -3.67625 -1.57813 -0.791075 -1.31304 -3.14164 -6.27419 -10.7077 -16.4388 
-14.5556 -8.4154 -4.04999 -1.4574 -0.635225 -1.58065 -4.29042 -8.76084 -14.9878 -22.9668 
-19.8231 -11.6283 -5.68447 -1.98918 -0.53952 -1.33201 -4.36262 -9.62678 -17.1194 -26.8348 
-24.6333 -14.4498 -7.02913 -2.36837 -0.464016 -1.31186 -4.90701 -11.2439 -20.3164 -32.1175 
-23.5362 -12.784 -5.35147 -1.23482 -0.42952 -2.93022 -8.73075 -17.8242 -30.2027 -45.8578 
-20.6933 -10.0212 -3.24377 -0.356124 -1.35257 -6.2264 -14.97 -27.5748 -44.0312 -64.3288 
-19.8029 -8.81635 -2.28339 -0.198342 -2.55442 -9.34373 -20.5573 -36.1851 -56.2159 -80.6376 
-20.0224 -8.43956 -1.83713 -0.208653 -3.54646 -11.8416 -25.084 -43.2623 -66.3638 -94.3749 
-21.1399 -8.687 -1.71516 -0.217318 -4.18508 -13.6087 -28.477 -48.7774 -74.4962 -105.618 
-22.3455 -9.01116 -1.64063 -0.226339 -4.75922 -15.2287 -31.6227 -53.9278 -82.1287 -116.209 
-23.9208 -9.58858 -1.68817 -0.211623 -5.14931 -16.49 -34.2207 -58.3269 -88.7926 -125.6 
-26.3538 -10.7338 -2.00256 -0.151626 -5.17093 -17.0486 -35.7711 -61.3229 -93.6871 -132.845 
-28.972 -12.0024 -2.38238 -0.103262 -5.15454 -17.5238 -37.1968 -64.1573 -98.3873 -139.867 
-30.4872 -12.5275 -2.40114 -0.0990239 -5.61015 -18.9215 -40.0179 -68.8824 -105.496 -149.838 
-31.7233 -12.8431 -2.30746 -0.107012 -6.23021 -20.6633 -43.3906 -74.3938 -113.653 -161.146 
-34.1062 -13.8951 -2.55702 -0.0824059 -6.45926 -21.6733 -45.7079 -78.5443 -120.161 -170.535 
-37.0852 -15.3392 -2.99837 -0.0527542 -6.49006 -22.2955 -47.4519 -81.9395 -125.736 -178.818 
-39.0957 -16.1415 -3.12823 -0.0458574 -6.88166 -23.6203 -50.2439 -86.7319 -133.061 -189.206 
-41.3034 -17.0726 -3.32073 -0.0375625 -7.21005 -24.8224 -52.856 -91.2895 -140.099 -199.258 
-43.5005 -18.0054 -3.51893 -0.0306339 -7.52721 -25.9924 -55.4071 -95.7491 -146.994 -209.113 
-45.3964 -18.7463 -3.62681 -0.0273292 -7.9343 -27.331 -58.1979 -100.512 -154.248 -219.376 
-48.4981 -20.2835 -4.12653 -0.0166325 -7.94009 -27.88 -59.8161 -103.725 -159.581 -227.353 
-49.9788 -20.7219 -4.07156 -0.0173957 -8.54542 -29.6383 -63.2753 -109.432 -168.082 -239.194 
-49.4931 -19.8242 -3.34208 -0.0360563 -9.89188 -32.8917 -69.0142 -118.235 -180.524 -255.851 
-46.7336 -17.4279 -1.90722 -0.160752 -12.1738 -37.928 -77.4012 -130.568 -197.398 -277.859 
-47.3556 -17.2749 -1.57093 -0.23301 -13.2465 -40.5927 -82.2492 -138.19 -208.384 -292.799 
-49.8787 -18.3757 -1.81234 -0.178257 -13.459 -41.636 -84.6867 -142.585 -215.299 -302.795 
-53.2647 -20.072 -2.35365 -0.099846 -13.2964 -41.9249 -85.9629 -145.383 -220.156 -310.245 
-55.5817 -21.0837 -2.58571 -0.0783333 -13.5476 -42.9753 -88.3388 -149.611 -226.761 -319.753 
-58.5768 -22.542 -3.03583 -0.0492279 -13.5686 -43.576 -90.0487 -152.96 -232.277 -327.966 
-62.1872 -24.4029 -3.68509 -0.0254166 -13.4107 -43.8231 -91.2402 -155.635 -236.975 -335.225 
-65.7511 -26.2132 -4.30326 -0.0136183 -13.3315 -44.2393 -92.7148 -158.731 -242.255 -343.25 
-67.808 -26.9871 -4.39099 -0.0124668 -13.8391 -45.8536 -96.0335 -164.351 -250.775 -355.267 
-69.8538 -27.7273 -4.44885 -0.0117614 -14.4041 -47.6087 -99.6033 -170.36 -259.847 -368.026 
-71.9686 -28.5094 -4.5255 -0.0108887 -14.9541 -49.3384 -103.141 -176.336 -268.889 -380.762 
-74.7376 -29.7383 -4.83016 -0.0080175 -15.261 -50.5727 -105.921 -181.279 -276.613 -391.886 
-79.1411 -32.0755 -5.69771 -0.00335958 -14.9824 -50.6189 -106.891 -183.773 -281.23 -399.224 
-82.8814 -33.9847 -6.35929 -0.00173243 -14.9026 -51.0467 -108.413 -186.974 -286.697 -407.543 
-88.4947 -37.137 -7.6398 -0.000481716 -14.2105 -50.2554 -108.114 -187.761 -289.162 -412.279 
-93.4702 -39.8387 -8.68251 -0.000170572 -13.7839 -50.0198 -108.688 -189.761 -293.207 -418.987 
-96.8814 -41.4586 -9.16507 -0.000105505 -13.9567 -51.0215 -111.175 -194.39 -300.634 -429.87 
-99.4845 -42.5158 -9.35418 -8.71379e-05 -14.4472 -52.6827 -114.687 -200.434 -309.891 -443.019 
-101.241 -43.0122 -9.26466 -9.49651e-05 -15.213 -54.8909 -119.015 -207.559 -320.49 -457.769 
-104.312 -44.4022 -9.63086 -6.58574e-05 -15.5052 -56.1347 -121.87 -212.685 -328.548 -469.419 
-107.856 -46.1292 -10.1761 -3.82386e-05 -15.5973 -56.9569 -124.061 -216.884 -335.394 -479.552 
-111.535 -47.9664 -10.7864 -2.08466e-05 -15.6045 -57.5898 -125.938 -220.626 -341.619 -488.88 
-114.201 -49.1367 -11.0678 -1.57267e-05 -15.9313 -58.8523 -128.746 -225.588 -349.347 -499.984 
-118.968 -51.7107 -12.0524 -6.00632e-06 -15.5526 -58.7017 -129.431 -227.717 -353.528 -506.825 
-123.829 -54.3452 -13.0661 -2.37972e-06 -15.1471 -58.4997 -130.043 -229.752 -357.598 -513.54 
-128.085 -56.5623 -13.8643 -1.26739e-06 -14.9707 -58.7697 -131.382 -232.786 -362.949 -521.834 
-132.567 -58.9156 -14.723 -7.96735e-07 -14.7489 -58.964 -132.631 -235.728 -368.225 -530.083 
-137.108 -61.3003 -15.5937 -6.61944e-07 -14.5228 -59.1571 -133.89 -238.699 -373.556 -538.421 
-141.765 -63.759 -16.4997 -7.06552e-07 -14.2645 -59.2893 -135.062 -241.562 -378.759 -546.616 
-146.959 -66.5725 -17.5814 -1.00459e-06 -13.8342 -59.0813 -135.73 -243.759 -383.14 -553.835 
-153.239 -70.1052 -19.0201 -2.15077e-06 -13.0522 -58.1751 -135.358 -244.581 -385.816 -559.026 
-160.966 -74.6019 -20.9408 -7.59587e-06 -11.788 -56.3044 -133.539 -243.475 -386.082 -561.325 
-168.459 -78.9478 -22.7884 -2.50973e-05 -10.5928 -54.5672 -131.915 -242.618 -386.649 -563.972 
-176.71 -83.8039 -24.8936 -0.000107859 -9.13474 -52.2994 -129.486 -240.679 -385.85 -564.965 
-184.535 -88.382 -26.863 -0.00040703 -7.80683 -50.2853 -127.429 -239.222 -385.638 -566.643 
-192.789 -93.2542 -28.9839 -0.00179852 -6.32169 -47.9477 -124.874 -237.086 -384.557 -567.253 
-200.839 -97.9972 -31.0451 -0.00747924 -4.89936 -45.726 -122.483 -235.154 -383.717 -568.135 
-208.364 -102.39 -32.9345 -0.0255717 -3.67903 -43.9011 -120.688 -234.025 -383.888 -570.244 
-215.406 -106.459 -34.6719 -0.0713826 -2.67518 -42.4904 -119.514 -233.732 -385.12 -573.646 
-222.067 -110.296 -36.3206 -0.169152 -1.86034 -41.4022 -118.792 -234.017 -387.054 -577.868 
-231.703 -116.294 -39.2967 -0.741209 -0.647289 -39.024 -115.87 -231.172 -384.908 -577.045 
-242.004 -122.999 -43.0009 -2.04061 -0.139205 -37.3067 -113.542 -228.834 -383.16 -576.486 
-252.668 -130.104 -47.1222 -3.75468 -0.0236863 -35.9401 -111.504 -226.704 -381.518 -575.912 
-264.777 -138.349 -52.0569 -5.93368 -0.00265223 -34.2756 -108.753 -223.425 -378.269 -573.252 
-281.199 -149.869 -59.2037 -9.23949 -9.71321e-05 -31.4983 -103.736 -216.702 -370.377 -564.727 
-291.745 -156.981 -63.4131 -11.0778 -1.5452e-05 -30.1932 -101.659 -214.389 -368.36 -563.542 
-302.402 -164.166 -67.664 -12.9336 -2.41555e-06 -28.8772 -99.5675 -212.062 -366.338 -562.365 
-311.797 -170.395 -71.2714 -14.4644 -5.22638e-07 -27.8926 -98.1447 -210.747 -365.679 -562.906 
-321.232 -176.65 -74.8941 -16.0017 -1.12346e-07 -26.9036 -96.7154 -209.426 -365.014 -563.447 
-331.609 -183.614 -78.9907 -17.7769 -1.90437e-08 -25.6751 -94.805 -207.38 -363.38 -562.771 
-340.667 -189.601 -82.4433 -19.2339 -4.45217e-09 -24.757 -93.5078 -206.243 -362.941 -563.568 
-350.173 -195.954 -86.1611 -20.8337 -9.47676e-10 -23.6755 -91.863 -204.553 -361.724 -563.342 
-359.711 -202.371 -89.9481 -22.4816 -3.38344e-10 -22.519 -90.0416 -202.558 -360.047 -562.472 
-368.523 -208.283 -93.4244 -23.9871 -5.0807e-10 -21.4787 -88.426 -200.832 -358.675 -561.919 
-378.243 -214.901 -97.3872 -25.7441 -1.74449e-09 -20.1706 -86.2588 -198.255 -356.136 -559.866 
-388.483 -221.916 -101.621 -27.6395 -7.426e-09 -18.7184 -83.7976 -195.227 -352.985 -557.034 
-396.505 -227.26 -104.735 -28.9718 -1.79633e-08 -17.835 -82.4792 -193.922 -352.14 -557.097 
-403.65 -231.927 -107.385 -30.0662 -3.3845e-08 -17.2015 -81.6729 -193.403 -352.368 -558.531 
-409.673 -235.737 -109.454 -30.8655 -4.70201e-08 -16.8727 -81.4854 -193.826 -353.871 -561.581 
-417.088 -240.588 -112.215 -32.0094 -9.19755e-08 -16.2017 -80.616 -193.231 -354.02 -562.945 
-424.643 -245.558 -115.064 -33.2017 -1.9055e-07 -15.4734 -79.6228 -192.436 -353.886 -563.933 
-433.837 -251.781 -118.764 -34.8275 -6.18634e-07 -14.2958 -77.7154 -190.246 -351.861 -562.518 
-444.069 -258.812 -123.022 -36.7422 -2.73373e-06 -12.8098 -75.1721 -187.073 -348.486 -559.369 
-455.48 -266.751 -127.902 -38.976 -1.68957e-05 -10.9885 -71.9415 -182.845 -343.672 -554.38 
-467.749 -275.35 -133.233 -41.4404 -0.000132857 -8.92631 -68.2188 -177.864 -337.832 -548.083 
-478.922 -283.125 -138.014 -43.6296 -0.000792148 -7.14116 -65.0503 -173.714 -333.103 -543.174 
-486.759 -288.373 -141.092 -44.9593 -0.00196454 -6.23348 -63.653 -172.245 -331.981 -542.816 
-493.064 -292.433 -143.354 -45.8685 -0.0031218 -5.7709 -63.1703 -172.186 -332.786 -544.927 
-498.99 -296.188 -145.398 -46.6612 -0.00435035 -5.43967 -62.9649 -172.563 -334.203 -547.839 
-504.809 -299.861 -147.386 -47.4261 -0.00588959 -5.13751 -62.8179 -173.029 -335.74 -550.902 
-510.27 -303.278 -149.213 -48.114 -0.00744358 -4.90412 -62.8003 -173.677 -337.502 -554.227 
-514.991 -306.158 -150.692 -48.634 -0.00806035 -4.82483 -63.0797 -174.753 -339.812 -558.205 
-520.412 -309.58 -152.545 -49.347 -0.0106705 -4.54561 -62.9465 -175.193 -341.251 -561.069 
-526.571 -313.567 -154.783 -50.2581 -0.0172397 -4.06915 -62.4079 -175.013 -341.848 -562.861 
