0	0	2	1.57000000000000
0.241755244660416	0.896446678590530	1.88178401954340	1.82312383697292
-0.112490036286931	1.73851908874907	1.90293895630946	1.65328228322438
-0.268793278986680	2.36574551998344	1.67441918054042	1.63423591244776
-0.188167403356409	3.36911996029032	1.81848757587906	1.98221445372701
-0.664833305085728	4.37755501735681	1.88393554350607	2.17919997298845
-1.06466476984299	5.29225669575891	2.25828050536741	2.51620218406519
-1.90004464370767	6.06237320998149	2.48290804928290	2.80204367857615
-2.89956072760334	6.61978021524563	2.92769798098610	2.91626188357644
-4.44249643563943	6.98480469050354	3.26725282972203	3.23147885771800
-6.23665463658652	6.97736003267912	3.40788316721305	3.56792524016123
-7.85665799203170	6.45231178686565	3.82048743252986	3.47692336987618
-9.53878954348764	5.86613125487523	4.11892403356470	3.65927235297656
-11.4298341751039	4.71543144573199	4.49894023886139	3.83160971862920
-13.2913385093861	3.01619663233052	4.40195231603688	4.09694293236803
-14.7414311050357	0.951675458365517	4.42747648301684	4.55037438572004
-15.1688803166900	-1.30280872356722	4.72256536090254	4.63093540380383
-15.5755744504551	-4.03479878106086	4.71082649707309	5.01931872962338
-14.9271241530247	-6.44802998841988	4.94266348693844	4.99930673365869
-14.1248753446184	-8.85558452392306	5.27812450601792	5.29125586546745
-12.5201572735582	-11.0683748493722	5.43651925672315	5.67866944338233
-10.4869513409381	-12.9296132586879	5.17285072270134	5.94521701477302
-7.72879653671466	-13.6492623848886	5.64705212673845	6.10760687188023
-4.77089408944402	-14.4012698515905	5.59257591760405	6.63300332571083
-2.29667882116589	-13.2927865160600	5.68654863112052	6.87112425303169
-0.0636421267802718	-11.6471398402011	6.06877102544929	7.11275970865949
2.19264103357767	-9.66902774720921	6.03608020938833	7.28284904200531
4.01194397971480	-7.32906188998277	6.01586670183725	7.28400845829038
5.91916440819320	-5.04826720194353	6.17352824209274	7.32410970143115
7.59916025878435	-2.29779261340602	6.35245957659704	7.61825139632453
8.29905750553225	0.669504490955423	6.45350924474039	7.36552050911091
9.60011229390410	3.41831639044009	6.25137926055928	7.38658456807767
11.1880315680031	6.16789848075710	6.39495288792627	7.63285169726871
11.9398883164793	9.10634365871272	6.36449343974474	7.20324399701986
13.9200588879726	11.4697605096208	6.01657358155412	6.94627209528278
16.1130303598637	13.1726902404094	5.83952578305698	7.00394148003813
18.2859437029116	15.5790437642356	6.04435587714836	7.15116755626516
20.7828587223428	17.8585464844995	6.23236591140271	7.03531693463127
23.1948547854309	20.1149674789218	6.20082066653517	7.06455658491845
25.2323601861988	22.0873544566607	5.76264048819726	6.98571978038046
27.4734867849207	23.8319636081277	5.41096044238807	6.97934058743742
29.4566608910293	25.7772942771805	5.42588356376073	7.06108239853857
31.3137621754519	27.5926894972980	5.16290130728638	6.96950395757640
33.0855969161242	29.2512340348610	4.89501877351157	6.69284126331398
35.4703741279927	30.2121511760929	4.68983906152133	6.70810228474175
37.2606422371018	31.2671801391066	4.56322650385584	6.28449626887017
39.4882532282491	31.5440817741363	4.44969713532954	6.03070249240171
41.2581534200143	31.0486688674636	4.06516645196664	5.81300369043331
43.0401982703580	29.9156803856561	3.64616954489745	5.18527544548169
43.5772705861281	28.3857042207164	3.10469063031528	4.96545320938708
44.0041211293801	27.0263509331332	2.84719101010936	4.60805768164536
43.6867117524003	25.5603062286800	2.30470319784011	4.29733460828336
43.2574214494695	24.8248589843998	2.16787843171108	4.37639678317414
42.9324467047376	23.7411198042599	1.97612712581377	4.11402013190475
42.4561010847894	23.1205217855657	1.91378471390126	4.22085756487237
41.9909161280272	22.2022257962598	1.45566616611836	4.00651998309215
41.3718360431727	21.6504858733886	1.23099127282402	3.47120345428658
41.1722544063300	21.2902124136220	1.15884792999560	3.07614831761884
40.6115508110066	21.4181035196108	1.11183662914757	2.87539780481306
40.3613698642032	21.6943472490767	1.17658724129907	2.95743959415000
39.5869817323285	21.9184121442539	1.24226058466860	2.65785394965844
38.8873743229080	22.0574384768888	1.01717879308304	2.54038977073431
38.4873952769342	22.5747989765509	1.23488972560305	2.49974967897378
37.9957120098244	23.0395736006308	1.30415772656674	2.42742939360085
37.5527928171206	23.4010129174312	1.22609848600954	2.41299644212619
37.0364172912657	24.1209535025158	1.36703853040471	2.51314445963147
36.4234700718971	24.7945301837480	1.51519159684591	2.80592206749389
35.9746335643673	24.9856606424400	1.85080514614835	2.81189324975837
34.7688890244469	25.1505663222865	1.89691609934939	2.70384691633447
33.6161853957602	25.5142824217154	2.00045623135829	2.79965807096227
32.7066092295189	25.8826658482905	2.19069446539278	2.90575743462614
31.7031857664506	26.0887443382247	2.19797708006045	3.42416397668619
30.8092929531576	25.4575024231014	2.41420114751344	3.26174257728948
29.3030641037149	25.3498169624307	2.60358842698390	3.34520230659929
27.8622828462786	25.2738479588620	2.91239457999781	3.61505026689850
26.4882427793160	24.3499685645210	3.09213256800040	3.50065520682511
25.0300099821175	23.6725258237409	3.36974084732203	3.63681447844990
23.4913016308890	22.8226696081221	3.66364868476381	3.73583714500639
21.8866151100916	21.7492800288647	3.64743625515762	4.21033514861688
20.9356869143770	20.2475911244430	3.84657144032062	4.65803079512015
20.9719292469083	18.4874589033655	4.29241116520071	4.82482359588707
21.2978335672241	16.2477275985828	4.45799460086798	5.10832197338689
22.3266950566637	13.9915777997556	4.88024399365702	5.28466713149080
23.7254956236933	12.0068920709796	5.14376576619315	5.45757287782714
25.8607585678869	10.4104977748675	5.81852364824300	5.78108383803347
28.5763343241574	8.94667211690993	6.19432923229576	5.96964094306792
31.7785277382638	8.03291382132099	6.30467364248395	6.48979296156108
35.0508987972839	8.57966117790538	6.64493911842715	6.46777213408261
38.5426912195120	9.38082802494748	7.16902666475727	6.60422039199396
42.1356915966264	10.5193986951768	7.41964250359563	6.77628464315760
45.6892598812586	12.3240319219724	7.77165038308318	7.22404983784524
47.7062782758639	15.4625678762909	7.59872301907805	7.31492684378790
49.6707617698693	18.9264853913982	7.86211024025876	7.44131548690217
51.4890460607159	22.8172204624340	8.19200092107633	7.68484901553829
52.2837493463661	26.8937901373237	8.30271377814663	7.76929707274085
52.3863962382411	30.9557567963418	8.08055532884723	7.77902851770053
52.7634993698953	35.3484574990648	8.27081981813468	7.97618532500083
52.3462321914100	39.5554116343790	8.47380388185538	7.79490979656372
52.4742384895999	43.4677731588737	8.15255872274466	7.40298453599630
54.2964474284965	47.4740523840619	8.44436192147056	7.52498061983539
55.6504088013235	51.4142670538227	8.24336909700395	7.54786713938363
56.8019922813665	55.3110341959916	7.95928351679290	7.44355129024628
58.5150126545070	59.1830992042339	8.02782908275908	7.58871988612994
59.9251765530406	62.9095096749374	7.88738296921922	7.65359018961369
60.8065655348689	66.4662081810269	7.45712001165773	7.47832717551636
62.0120433292010	69.8164436928727	7.05616283315902	7.30655011579664
63.7235563276791	72.6963315169634	6.80098906482746	7.04290056805498
66.1562333951398	75.2080744016426	6.74611307601480	6.87269566378660
68.7075792953432	76.8417498948432	6.25425263845492	6.48112790794253
71.6003281477205	77.3523659883627	5.85926485678980	6.21462050916206
74.5020331502401	77.1190922233097	5.48940469950188	6.20167829339563
77.2101519147337	76.7382522643283	5.19281333234406	5.83069572202933
79.5315557829523	76.0025174526331	5.26042619556724	5.88089848666542
82.1897987815400	74.7656057666711	4.93887815524116	5.63649609342865
83.9816254193278	73.1874587311686	4.86314242175763	5.37948795709678
85.6955757168045	71.5316685127948	4.85883678720294	5.28636000440504
87.1258730145303	69.8190462291883	4.82757235989064	5.27753813726825
88.1096982323051	68.0101136135393	4.63983099221975	5.05660213129505
88.8761995224809	66.0012932698427	4.64315031845927	4.82457128764800
89.2366613878890	63.7178673830161	4.38681415504638	4.96659863604487
89.4581586513063	61.4877308789841	4.15317401912913	4.47644856884190
89.1084843032447	59.4786073943086	4.17782989577715	4.02042744380190
87.8849337472625	57.8577037436315	4.20478206026185	3.85212170486554
86.3735694964832	56.4534893358787	4.21915883180039	3.69892401671120
84.8125738440162	55.5611057455176	4.05630720277263	3.99314304802158
83.6469382356562	53.6042738516621	3.76095392228165	4.00588401834133
82.5058791571761	52.2484688667831	3.79852240042261	4.11350288697019
81.4920563457078	50.8278010987280	3.88202669825291	4.27835818420102
80.2315690912781	49.3914327005304	4.12600652367461	4.24853842638779
79.3116584205497	47.6965036817577	4.18671667614464	4.50486249865632
78.9170240224739	45.5834149900442	4.20756794415349	4.65552826407560
78.9571666544546	43.7214558539067	4.60796071745808	4.58499543367828
78.3664266476585	41.2057996852817	4.58653823043666	4.51802057061064
77.8784187319786	39.0207597963839	4.82172279592750	4.76806188101275
78.2391619040123	36.5166264267313	5.05308642723763	4.80938778551674
78.2904146573303	33.9670166792183	5.35436941601197	4.97226384971068
78.9019071888746	31.3776249527669	5.53551132968123	5.08163230892730
79.6071618562706	28.6500108242215	5.39650022168809	5.04368387176354
80.4630177268167	26.3631065257592	5.63434323132996	5.54865464350378
82.7590439377138	24.6429189355751	6.16281165540712	5.94039284147102
85.9420598390352	23.7421253028448	6.49164896930988	6.33771079527613
89.5038003015376	23.8105680702417	6.66029812283491	6.54641002143253
92.9084222084521	24.4337913058012	6.80110772379594	6.56386234053304
96.1864926992707	25.4042760759055	6.95173821997775	7.02256431327731
98.8650132555315	27.5971290004902	7.11236653363182	7.14141652181027
101.218447263043	30.2733187963530	7.21960409465993	7.43648668741681
102.663127537587	33.4837615377578	7.30689949749553	7.69828213308003
103.089649288027	37.1126104213054	7.36874741451725	7.90675929122791
102.968195491478	40.8916439520920	7.69140001736679	8.23195465212413
101.587533816928	44.1500974748472	7.50183377271470	8.29605907988071
99.9796766287595	47.2050900973750	7.41319253895745	8.31082540100861
98.2333998599833	50.5786671405560	7.44161074755959	8.78649517734289
95.1576274218720	52.9570268678352	7.69784448379611	9.07879400928327
91.4731589082601	53.9111878170226	7.51870511838708	9.16599862080861
87.7064506895082	54.9773340378159	7.47511550206928	9.45132188500736
83.9675164546954	55.2953383263684	7.70897612218487	9.74914358785366
80.5526993669573	53.9889008332214	7.59230379043513	10.0332685402230
77.4111228764671	51.8487033843134	7.48450074960523	10.0462020904996
74.3437355241773	49.6621164526599	7.41545473783197	9.97101133253388
71.2277401183097	47.7441026522107	7.32105514363106	9.92774408390549
67.7631459889670	46.1088427674794	7.16160369549915	9.89975860213255
64.7387531170075	44.5511819971114	7.10795501458355	10.1295635804619
62.0555041709865	42.5603699939127	7.12438412451249	10.2380136203032
59.6549975012933	39.8605347059116	6.70811607433644	10.1874250495779
57.2375025499541	37.4046108836838	6.49649294277268	10.1006367824878
54.9242998439803	35.0889329794892	6.19764510817078	9.84866091841898
52.3101502490673	33.5475402507118	5.90720459394081	9.37396570296957
49.3223928825912	33.6108054192234	5.82745895801476	8.71261425799714
46.9176991585657	35.4988636166435	5.53822089254595	8.36541251012092
45.5322756277978	37.5213768049195	5.03128999290925	7.89691192384852
45.6924817071891	39.9176856228961	4.68649759784663	7.89902237889961
45.6337695372641	41.9592388806684	4.40112597492784	7.53784015810637
46.1534505907923	44.1699005049667	4.40950229168306	6.95327999447335
47.7371538991568	45.5606166463198	4.26277052107414	6.67968452865976
49.3541171526651	46.6644696368872	4.16881587032468	6.24287896375757
50.9208449330967	46.4581375990938	3.80418414384798	5.93039480492415
52.6821730488028	45.7698249815309	3.57106673340521	5.38560382059769
53.4520913482584	44.3933375152821	3.36366250748028	5.20089393225885
54.0577053789038	43.0206585403063	2.98220675493424	4.89682323229869
54.1497006121165	41.6942659485059	2.70408313549546	4.81365267681388
54.3485169585378	40.2398093228150	2.46393192667892	4.73242384073820
54.5297414746646	39.3940935096249	2.59187992049089	4.51864930817695
54.3666853052107	38.2533216619817	2.38250673708286	4.44218576811562
54.1433132737112	37.0425465608293	2.30563177335695	4.41576253065444
53.8566334219775	35.8560428087940	2.21068299428892	4.23278752947974
53.0572056647022	34.9408097412264	1.92470927021375	4.09353381211935
52.4922777708765	34.4917292175859	2.12248867499046	4.09771696495183
52.0460350891485	33.7480424776164	2.14556303442344	4.25112977372246
51.4363018366763	32.9120863404683	2.24309278867812	4.29312432790916
50.9871135365314	31.6517166933015	2.08603984960889	4.28417715249136
50.3535733210423	31.0048440819944	2.29356437041376	4.37153035971185
50.0651581634054	30.0281859066944	2.36347911492131	4.40783146538774
49.7208817399181	28.8758466747218	2.37794579808045	4.30266504331511
48.9979081182417	27.8749074707563	2.62673417420096	4.32536951292673
48.2502051557806	26.7389930321431	2.61228707540612	4.20719197035193
47.7864528882388	25.4869881029040	2.73760168423921	4.47770776318177
47.5976952914090	24.3172927345605	2.97760095759713	4.76328850287130
47.6768176680591	22.8885306395692	3.33769889665452	4.87921693636518
48.0569283722976	21.3566989391662	3.57933352309449	5.19975807550996
48.6301237545573	19.8119748308508	3.96430547305811	5.15091273901250
49.8180374654682	17.8863401223043	4.07851805072762	5.55176819484270
51.1139647521269	16.5101033608341	4.20913968528391	6.01717408787207
53.3005062245772	15.7430107513118	4.41732485194559	6.02170895448571
55.7507569772265	15.0849843950699	4.83173257329016	6.31969146480442
58.1577216357874	15.4448442442081	5.27214130695515	6.66606970311067
60.5670333829346	16.4428798653860	5.40624937616065	6.59385398937874
63.2510859493573	17.1229186501126	5.59842079775093	6.78915255818804
65.5414065493079	18.6030361175269	5.80654664482551	6.87493377384897
68.1770262226275	19.9525036359183	5.80126358164506	7.15498280138150
69.9707328674293	22.3698952358381	6.08393044760019	7.42937414785264
71.2440233500419	25.3570260092412	6.39661723636308	7.68402911458612
71.6551166603071	28.7046374367524	6.71384504387771	7.70326429982118
72.0325085983016	32.3105337125341	7.02306265240203	7.95645213709658
71.4865911489641	35.6090399372018	7.09243431992116	7.88139681018986
71.5167723119518	39.3861624304622	7.48626463350879	8.21178775283724
70.1707990215289	42.6535715826977	7.46977776271618	8.18667348298875
68.9927657063141	46.3414697958351	8.01387634315051	8.08398360505804
68.0106034450991	49.9466193346166	7.79028083710175	8.17132414014813
66.6308443736217	53.9953267974521	8.08973823571247	8.11031779284387
65.5844149612223	57.7511310700325	7.97078321020101	7.83314853594651
65.5775826469782	61.6182422076581	7.88264582195388	7.56336992993123
66.8126517792393	65.2630438662007	7.99760039277991	7.44379525534400
68.5446078233691	68.7152420631402	7.96857547630769	7.39680187113488
70.3337294271179	72.1431247439684	7.68186010452409	7.59613657390664
71.2539269467338	75.8433767648445	7.49335152147415	7.57133358920805
72.2097742327614	79.1871266048662	7.07941333740927	7.48928814489012
73.3352432445171	82.3806209169862	6.85396677816351	7.14417866560338
75.6129095919184	84.7353446263358	6.69240017626058	6.83148617753867
78.0668803026537	86.4072389960303	6.28907598865576	6.86169641097902
80.6213076523109	88.4300942252672	6.45506507899004	6.61751734047193
83.3434205789207	89.7545743257337	6.36345403461692	6.65094162234915
86.2172132567527	90.8283831594765	6.01270603188918	6.49921356773263
89.2747154536379	91.2971376513047	5.72574800403937	6.17338523722761
92.0428736874356	91.0009615207573	5.34281383235151	6.23949645049081
94.9742602926995	90.9373093234891	4.90443354455740	6.32836556135971
97.1880734828765	90.9593956182624	4.63513675815177	6.02929319965637
99.3739899756214	90.4273806210472	4.59248070920715	5.67841622629900
101.144263041535	89.2495059281948	4.49495455626134	5.42461100012761
102.694203386831	87.4486029633670	4.31144722275314	4.97621576383834
103.182436876379	85.4265746713067	3.82777017026073	4.69117092721317
103.234705132274	83.5769766629547	3.49146901006451	4.51652855304300
102.676916183653	81.8650365808356	3.10429337882907	4.06456062891037
101.959599305150	80.5526222790766	3.07258301910261	3.54402674141800
100.685596590951	80.0903089129765	3.19059610915743	3.29864054919332
99.1604964363271	79.8155698472886	2.82114129067411	3.29593338623710
97.8235615124334	79.7819360522720	2.76617268767122	3.17566495133380
96.5292735421715	79.9727004528165	2.93713610455537	3.10007912192197
94.9852725001161	79.7093868123034	2.63602849604121	2.63869405278034
93.9778826089466	80.4044693221359	2.49159994587266	2.59291216369942
93.1676186118608	80.8333171411741	2.46243160869357	2.45595310893858
92.3219410299318	81.5229580688565	2.18544757720980	2.23939949253607
91.6017042600442	82.3959464619384	2.33544412708069	2.23140633739531
90.9386132929173	83.4054102708746	2.41643600318799	2.33894420275481
90.0008905691312	84.4727059000092	2.39150568952912	2.42484482830885
88.8606416316279	85.5317363444908	2.47973938296195	2.50597484540653
88.0108412063615	86.1761458457234	2.86872097869673	2.38640127566412
87.4420157119713	87.3648110195709	3.13896221930081	2.71380029960843
85.7208491790376	88.2855010464179	3.28643748846833	2.95022790430524
84.2839867703530	88.4710335759831	3.40408055239269	2.98132230602019
82.7614903155105	88.7856739049778	3.69067673624946	3.27322296511512
80.7297682872284	88.2381944556061	3.63480618415526	3.30381446599462
78.9554613255615	88.2214912680425	3.91398745041244	3.48037972968218
77.4531716473090	87.6704433853761	4.41071201051715	3.83095766068522
75.6680165163014	86.1681004349115	4.59038520601845	3.94015043602464
74.1858991566644	84.4107606565178	4.62006877511564	4.45352481170249
73.6090406204409	82.0852678578791	4.75131577812935	4.65077684810130
73.5635555075772	79.9525070726372	5.06041563670217	5.00489471302645
74.4358692717982	77.4832239527733	5.08209885313569	5.11843360669108
75.1454311294507	74.9383789630387	5.01762107028654	5.12720829388266
76.6376779264964	72.6841971848252	5.47083589644649	5.54449149086183
78.8487123135402	70.8833404537792	5.81563387777629	5.76999652191042
81.5826313552536	69.6168929660718	6.26543439475045	5.92994080222200
84.6015363700801	68.3769561660500	6.42787556244419	6.23400597679037
87.6599340883037	68.4176265592957	6.63209771417425	6.30076359243576
90.8297280577393	68.3267384021282	6.71719160546325	6.37414033797375
94.2580913746413	68.7503495167782	6.93415289683884	6.78145654788226
97.3259325975937	70.4768430702079	7.12772345580811	6.71028316284946
100.660313505564	72.1918878494263	7.33239511755023	7.11096813112701
103.136246568590	74.6750315603296	7.17870515955406	7.39644142472192
104.851729465506	78.1475658618005	7.53474974504638	7.27207272617926
106.821557136420	81.2812569937041	7.47869020333791	7.49686676505852
108.190522945742	84.6971058407010	7.56674875966443	7.69482712189452
108.768091471743	88.4564293525313	7.59396834711149	7.79734950508015
109.121135322856	92.3645796505652	7.83437452866763	7.83555931638299
109.003975682085	96.3445242735769	7.79924850893403	7.88449677974534
109.029371721556	100.264092128378	7.64969520939051	7.95455760339570
108.785666264999	104.159949928041	7.64472641908702	8.09411194523790
107.739204161761	107.886403690846	7.81764793042631	7.77421972503241
107.881254845634	111.897676349202	7.92318573961296	7.76975880986532
108.022447051098	115.681355779933	7.56393624752410	7.74671274591730
108.412047100036	119.714398416743	7.52198953504550	7.83564630149460
108.401076577544	123.286848848083	7.35878630930994	7.31475505861480
110.197378289561	126.089540431812	6.68980012982157	7.22583072612742
112.124785233918	128.550021098237	6.41196250165735	6.99282866524226
114.376669920070	130.673238944393	6.06721751228087	6.74644920451334
117.026676798407	132.031441987739	5.74651512390550	6.69945779026679
119.668236592862	133.334320472707	5.73075117591561	6.38940285317542
122.817529832195	133.601790073905	5.53404823519756	6.39646615941690
125.087927094828	133.952184258540	5.38900346845646	5.69132926338884
127.284460507548	132.234554758222	5.05024640981005	5.45759473024283
129.037670750654	130.581490856447	4.94677927823700	5.29280946634200
130.410328039930	128.346678800121	4.72160887812288	4.87783100543978
130.521696426581	126.099828635689	4.28059481962053	4.61180296743080
130.311747047550	124.141915811268	4.09524548398554	4.42357840763997
129.661252996837	122.133509137406	3.82455565708059	3.94948183637510
128.221137285114	120.688114346245	3.33936343376593	3.77754325163695
127.141207636192	119.574243890231	3.15592227293515	3.32807435333823
125.602665517592	119.400550025167	3.04224020487011	3.26101664615450
123.977207392608	119.023400880274	2.81763620345666	3.27111300000359
122.466866584085	118.616745079105	2.45087257041442	2.94731050138911
121.476579002511	118.825046827392	2.53237730901977	2.60785188686250
120.370297862765	119.613985771573	2.39368062369425	2.74811783221351
119.410926673125	120.389628470743	2.48280566187069	3.05388142478289
117.987069388261	120.178905132149	1.99804016062169	3.12870506610741
116.935407766652	120.041193459617	2.07904413768418	2.79209501010550
115.923952137192	120.560548816197	2.02024759792509	2.97951741968688
114.997699730559	120.513965587883	1.84421662794145	2.83406958947519
113.944808275995	120.832114602567	1.82580831694107	3.15168324378186
113.069130283485	120.679491484649	1.81165291815519	3.32923209852153
112.078521662664	120.525396833778	1.94204400988808	3.53793502356742
110.969738212760	120.153841466185	2.07541442915202	3.35046533185880
109.899457035933	120.013874517377	2.23363438682000	3.44015475139951
108.929537013957	119.476669448573	2.29361957745781	3.58749785609321
108.056725093265	118.984359986530	2.74972143725674	3.40588893299772
106.665422722515	118.670501311660	3.02546687444542	3.59370326300123
105.195917350319	117.958775578459	3.29176390711103	3.55757528668739
103.903236322850	117.371095648736	3.52621164149850	3.94579711036238
102.448215690098	116.169011058494	3.61452600811698	4.15008460334279
101.288830627621	114.613873521417	3.75411662671146	4.22034589800544
100.530119063216	112.794123170987	3.92635911866490	4.36187430910202
99.8943901010167	111.097692739965	4.57623166549617	4.49651181442771
99.1905457319380	108.778465277116	4.64364597436112	4.91823465738143
99.5342369841443	106.272445409990	4.61332705647170	5.39054817656271
100.791739903440	104.442118916407	4.92083856881488	5.36557087762068
101.880074713939	102.577868242864	5.09353563947284	5.57581463388050
103.819313772007	101.064984251422	5.55013285036642	5.96358725231773
106.362295777020	100.328620304201	5.87405924114450	6.10477833991084
109.127673130957	99.6457101571594	5.75614664619831	6.31427491307343
112.054490937060	99.9408339137642	5.94327860911831	6.65041544202733
115.213904387240	101.159111867390	6.43801315650981	6.92981604343739
117.817726270817	102.823682523797	6.47415782910727	6.66922723071690
120.919184960530	104.034331992041	6.59193422469142	6.59062480788762
124.193573399780	105.282905369631	6.80267357960320	6.92381597819069
126.835047197818	107.585697949681	7.10939787430563	7.11248829339824
129.301615306546	110.047059292690	7.04448837888956	6.82844192565904
132.508558599230	111.942356268214	7.10169715409104	6.85527599814090
135.687903666023	113.926443160185	7.28321740513017	7.21064732982978
138.316613762786	116.759691293615	7.37329191456785	7.28181626543821
140.340319950729	119.824569405514	7.34633064017854	7.27322541885084
142.842163830399	122.852031640343	7.38994000684189	7.50427098311305
144.253918189838	126.361887443580	7.42595317462694	7.61832199146198
145.390944982615	130.058624824155	7.41158881293979	7.83631180973615
145.380923714847	134.066561064729	7.48138749307383	7.53693342894847
146.446753671079	137.645014406743	7.36055046374019	7.22148554129749
148.555378076376	140.570647803652	7.02437575525023	7.00994406519222
151.280350848927	142.935583530014	7.03658575480849	6.80023324715806
154.407595648422	144.646486890845	6.84036653048046	6.79379090234439
157.257455469866	146.237528060194	6.58556172527366	6.48685657747655
160.450185127272	147.009808054172	6.56523209380375	6.25401063839275
163.494976600528	147.007446143204	6.37705736813590	6.06657454202751
166.837787971711	146.460508610753	6.38753321065484	5.85123094811585
169.776394925557	145.090320822062	6.20321609131291	5.72967134401237
172.277915628418	143.530947225426	5.83970940509848	5.10760221671993
173.326958012183	140.822643969490	5.37453888653084	4.95447819166625
173.793713045202	138.237461489863	5.17379420905946	4.46126941310205
173.225882669580	135.596427767795	4.80502486764312	3.90422734006905
171.436597639376	133.982206126262	4.58573132837302	3.97071487684792
169.664537327340	132.328282435333	4.25690897886574	3.81027189415804
168.022266297977	131.031074495370	3.96171907770861	3.79274768710480
166.692449984289	130.117857548450	4.03449570239358	3.51657213593344
164.965085639304	129.225888720067	3.81448926550983	3.25798080185569
163.178393169956	129.368944814248	3.94101989998565	3.39775490596035
161.294955751177	128.951398723669	3.73490071581697	3.40255096747021
159.664968719742	128.726191408781	3.80798395878129	3.38804947887997
158.086896880593	128.448468108335	4.07396067932425	3.31576747987538
156.282280915338	128.243000929306	4.35106393534175	3.16322348951105
154.113603275952	128.192952310338	4.52456531224497	2.94126014111520
151.874042657602	128.471388113507	4.39284803120540	2.77194895137958
149.535923616781	129.122251930702	4.13441791415833	2.56502171973183
147.735215806028	130.326699638345	4.17488962986465	2.70565488179571
145.845430357643	131.161537566117	4.12626637612300	2.88664544681410
143.697583430727	131.724194348067	4.07429943304949	2.65694658387163
141.673997092404	132.469266539737	3.96688033399378	2.67032629020787
140.371475558409	133.380591958529	4.06444231469208	3.15166979898109
138.326602658581	133.330250586426	3.96111395580482	3.28985802295453
136.109257549491	133.066353157481	4.08846039209874	3.23284560377712
134.048403539597	133.130177082175	4.33402466988125	3.38475886716040
131.991949287136	132.488327564001	4.52557834234040	3.75326335054823
129.937600518971	130.747957100670	4.32508699248691	3.67896343539455
128.279416154802	129.529006645050	4.59689174362550	3.95660392417917
126.763662818537	127.712436520246	4.68603231547349	4.17030488794390
125.737105463664	125.601083951084	4.98488356949620	4.45338251530111
124.973809935169	123.177705984773	5.45933207771063	4.33425293265308
123.764281729945	120.563879829875	5.82411924713912	4.38712530226899
122.633896057381	117.584995634204	5.86436490013353	4.35392196414961
121.619078723360	114.979116476539	6.13318954086574	4.80907215626383
122.105586575646	111.947856316704	6.60566677245396	4.98645600686933
122.663377413629	108.958409718152	6.94130637308983	4.90088830569683
123.242689178069	105.586597507180	7.29357931810434	5.13087860123874
124.782542610299	102.450878607139	7.56698862690414	5.45208428537684
127.508677994398	99.6453489059862	7.95437424735157	5.91163267148217
131.461509624525	98.0566203834350	8.12188157305596	6.02906394052427
135.667870428494	97.1168896155493	8.32888995116961	6.06249833585660
140.009622575577	96.2227893157791	8.67680001993338	6.19248521151783
144.628891046048	95.9444074588658	9.15537421024638	6.27965793867348
148.999631028531	96.0780825352222	9.18183528613679	6.37371184445101
153.646157471570	96.4911812431969	9.10917180498957	6.56134146443089
158.084439933724	97.9778388238460	9.48104375032654	6.42583045895972
162.884615004666	98.5680557269182	9.45989131755505	6.52863686576062
167.712801208701	99.8388946680231	9.55416110323378	6.68248954336333
172.290795953589	101.795318277119	9.69871580210091	6.93593485666839
176.003550545255	104.659577400036	9.45739643523303	6.95516685706151
179.697325161406	107.208393984683	9.10515290066934	7.04623607781856
182.838737117341	110.597135190475	9.29063201295297	6.98574557940551
186.317613118667	113.527021017492	9.09747182193211	7.09470421465124
189.468540362228	116.742110961379	8.92561407578122	7.04330823571666
192.484896961214	119.857979096902	8.77107777641556	6.70422173411563
196.640588572127	121.619778067033	8.90673122898932	6.38936106915979
201.035191473308	121.995200828637	8.68139757291106	6.40060770534115
205.563638693020	122.721345132110	8.56583616683908	6.31833204489312
209.629830642372	122.928923950157	8.28683020479700	6.27533647240252
213.805922423410	122.806511180591	8.02271269627634	6.09599103124640
217.739679950630	122.293178598642	7.79409873529835	5.69586677647306
221.348585744373	119.973769834673	7.54070105263677	5.56239082070533
224.548578218405	117.706739396678	7.62560648430898	5.39722919679863
227.099422379414	114.695009803780	7.37304139867827	5.31824759553536
229.246781329156	111.606685631105	7.08189114034549	5.33115143172388
231.184098009319	108.740088164461	6.52626124965282	4.88389638829850
231.376222643651	105.660000680560	6.38928350507401	4.75760011809285
231.596428362987	102.291306540950	6.15494036351218	4.43463048584401
230.651902950817	99.4279189291509	5.67342606398696	4.16390354281606
229.153541175738	97.3188766834137	5.54047303448039	4.00636487088354
227.526874790033	95.3272258976778	5.39985628728247	3.96043106613953
225.684015957541	93.1617182773451	5.05704927045818	3.88120967382264
224.029911945326	91.4074147361163	5.02886993660628	3.72956262191555
221.797823864590	89.8206538943272	4.55116607802251	3.55322431244655
219.826495616940	89.0120872272693	4.49408176109179	3.64782710521750
217.792533961233	87.7536418406602	4.38313952931738	3.51682588153652
216.141349638359	86.9586631692115	4.37634447800679	3.72320793537712
214.092181391336	86.0350370065433	4.29929269178301	3.78744881797974
212.653404213168	84.9376299584171	4.40945865863189	3.87680535224634
211.033716110595	83.5201042279865	4.30530847687086	3.83072958097854
209.526450782866	82.3403040094092	4.63407313690870	3.70589008911340
207.382957765501	81.2298154091466	4.97310922676685	3.43438884087329
205.044033443868	80.4197532206638	4.85927474979730	3.63509007162282
202.895352153922	79.2360791817243	4.83003912169666	3.78438689901346
200.868543153072	77.7583355433631	4.89219810261991	3.72954387422222
198.636027897681	76.3411866864935	5.01254180404850	3.60510268239270
196.437989890067	75.1819233007536	5.39097412143787	3.78720935640634
194.208223731122	73.5735519567560	5.76376987666869	3.79932698321985
191.926060806159	71.9706665543399	6.15074268449638	4.21276794394140
190.162583056695	69.1692265567900	6.26357361025981	4.23289376301859
188.590099025245	66.4466247070825	6.48129505528335	4.58988202399572
188.289584639691	63.1562905801014	6.74171239646914	4.91655614600304
189.152461532630	59.7780091290829	7.06227539069349	5.02385728018351
190.103743641859	56.3992918170202	7.13100506136364	5.50614168988388
193.132337157622	53.7391223041504	7.66284361430373	5.63784710584096
196.100320953032	51.3808871220901	7.71649748840446	5.86045703103547
200.074944166039	49.6129476857353	7.99898036544396	6.06610893439691
204.259975645677	48.7102866776202	8.51416327902307	6.22164480100021
208.399692346405	48.3532669132518	8.83338002308212	6.38543614865679
212.916685313881	49.0820619634127	9.30833950274672	6.65213387462749
217.041369721928	50.6780281336612	9.31072832262487	7.07376834125277
220.229207368587	53.8692253073666	9.40762003448872	7.13306456052700
223.485945173275	57.6262477010930	9.66513806651076	7.35608644621164
225.589306710083	61.9608095265570	9.84460836617580	7.67212291528572
226.268782919537	66.4974729210265	9.70944841258471	7.49320653341287
228.023781881894	70.9783668222910	9.86676041211656	7.65371169822080
229.184795465486	75.7836609138779	9.97735062715531	7.84421547901917
229.028069429570	81.0633938786723	10.1966365810996	7.92921765847556
228.521276721089	86.1588107065805	10.1232841144093	7.96914420063507
227.866367106773	91.1286809258338	10.0560118152484	7.87601348443082
227.696295222524	95.9345522872776	9.87521310114553	7.72029321575820
228.533965535003	100.935698638691	10.0432547563088	7.72669299646124
229.388410191172	105.716196186461	9.95429836605818	7.44241059914184
231.352467337691	110.338567562679	9.65856770979369	7.44713469287966
233.239584265433	114.801528363149	9.42279781863160	7.31186438553196
235.593663449142	119.100881015105	9.44222342332731	7.33212145027781
238.088454486917	123.341535825382	9.46122984339741	7.24255228510595
240.885477355133	126.940873651036	9.06280610629308	7.28560188416035
243.525386080331	130.831081128458	9.08356503776453	7.14219568699447
246.634630358103	134.585862539986	9.15658893783324	7.06180116702619
249.545110976199	137.627722198301	8.78015474985171	6.81565669616380
253.338776409754	139.994338892263	8.82439921332360	6.68662973335152
257.414288091329	141.720756748830	8.79589659359121	6.26311134877890
261.885069838430	141.721866953604	8.80005986361727	6.20190536755336
265.873175969562	141.405553084613	8.38122085961767	5.98509157902132
269.871985361433	140.253372893493	8.17801140694040	5.89206271607631
273.855659813807	138.636770706629	8.01255854623179	5.56035192515654
277.146094193623	136.166819278892	7.99150831518870	5.28031005424695
279.193288344215	132.849323105500	7.75804106104527	4.92353368062566
280.042175411229	128.905125002507	7.30321475360263	4.77339634034120
280.293125764186	125.388777137152	7.13926640385605	4.25895458665676
278.760700691339	121.948354099493	6.48384654822005	4.15748764281514
276.806604595540	119.333625580446	6.23391335004701	3.92329500837026
274.646432753273	117.093161995640	6.00190269120486	3.91362777590231
272.459962666367	115.052774272264	5.97940984458131	3.46662309145356
269.610136090126	113.890347892407	5.54635842196690	3.31278453876546
266.817763162277	113.398309803997	5.38186937178891	3.03070327269074
263.842828307170	114.028262773971	5.49402939086186	2.75090602275898