0.00000000 0.00000000 2.00000000 1.57000000
-0.01485307 0.81191891 1.84791282 1.58391007
0.05882915 1.74455199 2.06726440 1.47743158
0.04312307 2.94387097 2.07474426 1.58522107
0.00701057 4.05034397 2.16601984 1.61424568
0.01011632 5.04854784 2.10737843 1.73904074
0.02236710 6.04690623 2.49068369 1.69788383
-0.33479157 7.28443232 2.58665080 1.45473333
-0.31070240 8.88568235 2.85757175 1.59645924
-0.25719020 10.45906467 3.25295826 1.78805373
-0.62913576 11.92106999 3.13752353 1.85664755
-0.90855351 13.55723866 3.46408670 2.20495780
-2.14629710 15.08426199 3.70060326 2.39456959
-3.89241623 16.60994512 3.93981539 2.38529892
-5.35085554 17.89274714 4.00769217 2.48307822
-6.77220184 19.31965145 4.55001575 2.76499401
-8.85753670 20.13717574 4.89591354 3.07392718
-11.26789562 20.29238664 5.14453660 2.98316056
-14.14038919 20.48191436 5.22028923 3.09467980
-16.96804026 20.25687656 5.19901688 3.21888729
