-5.02561 -4.2909 -3.66008 -3.13313 -2.71008 -2.39091 -2.1756 -2.06414 -2.05651 -2.15267 -2.35259 -2.65621 -3.06349 -3.57438 -4.1888 -4.90669 -5.72798 -6.65257 -7.68039 -8.81133 
-9.39805 -7.7021 -6.21682 -4.94224 -3.87838 -3.02523 -2.38277 -1.95099 -1.72985 -1.71928 -1.91923 -2.32962 -2.95036 -3.78135 -4.82246 -6.07358 -7.53455 -9.20522 -11.0854 -13.175 
-13.4806 -10.869 -8.5777 -6.60673 -4.95611 -3.62585 -2.61592 -1.9263 -1.55691 -1.5077 -1.77856 -2.36937 -3.28 -4.5103 -6.06009 -7.92917 -10.1173 -12.6244 -15.45 -18.5939 
-16.4752 -13.0733 -10.1038 -7.56665 -5.46201 -3.78984 -2.5501 -1.74274 -1.36768 -1.42481 -1.914 -2.83507 -4.18786 -5.97213 -8.18766 -10.8342 -13.9114 -17.419 -21.3566 -25.7238 
-22.0546 -17.5496 -13.5927 -10.1838 -7.32314 -5.01063 -3.24628 -2.03002 -1.36177 -1.24141 -1.66878 -2.64368 -4.1659 -6.23517 -8.85121 -12.0137 -15.7222 -19.9765 -24.776 -30.1204 
-27.0968 -21.5216 -16.6189 -12.3888 -8.83126 -5.9464 -3.73417 -2.1945 -1.32729 -1.1324 -1.60964 -2.75878 -4.57955 -7.07165 -10.2347 -14.0684 -18.5722 -23.7457 -29.5883 -36.0996 
-26.068 -20.1109 -14.9617 -10.6203 -7.08698 -4.36158 -2.44408 -1.33437 -1.03228 -1.53762 -2.85012 -4.96947 -7.89532 -11.6273 -16.1648 -21.5075 -27.6548 -34.606 -42.3606 -50.9178 
-23.3146 -17.2799 -12.1919 -8.05083 -4.85655 -2.60907 -1.30828 -0.954001 -1.54601 -3.08403 -5.56772 -8.99667 -13.3704 -18.6885 -24.9502 -32.1551 -40.3023 -49.3912 -59.421 -70.3907 
-22.6293 -16.3139 -11.079 -6.92466 -3.8509 -1.85764 -0.944749 -1.11202 -2.35919 -4.68592 -8.09182 -12.5764 -18.1392 -24.7795 -32.4967 -41.2901 -51.1588 -62.102 -74.1188 -87.2082 
-23.0785 -16.3566 -10.8401 -6.52915 -3.42373 -1.52378 -0.829174 -1.33968 -3.05502 -5.97482 -10.0987 -15.426 -21.9563 -29.6888 -38.6229 -48.7577 -60.0923 -72.6258 -86.3572 -101.285 
-24.3894 -17.1458 -11.2256 -6.62885 -3.35562 -1.40585 -0.779412 -1.47609 -3.49559 -6.83753 -11.5015 -17.4868 -24.793 -33.4193 -43.3649 -54.629 -67.2107 -81.1088 -96.3222 -112.85 
-25.9214 -18.1334 -11.7819 -6.86703 -3.38885 -1.34733 -0.742351 -1.57371 -3.84111 -7.54418 -12.6824 -19.2553 -27.2622 -36.7023 -47.5748 -59.8788 -73.6133 -88.7772 -105.369 -123.388 
-27.6373 -19.2851 -12.4783 -7.21719 -3.50186 -1.33231 -0.708441 -1.63007 -4.0969 -8.10857 -13.6646 -20.7644 -29.4073 -39.5925 -51.3193 -64.5866 -79.3933 -95.7384 -113.621 -133.039 
-30.199 -21.1483 -13.7489 -8.00115 -3.90513 -1.46091 -0.668425 -1.52751 -4.0379 -8.19923 -14.011 -21.4727 -30.5837 -41.343 -53.75 -67.8036 -83.5026 -100.846 -119.832 -140.461 
-32.8468 -23.0831 -15.0774 -8.83005 -4.34118 -1.61089 -0.639185 -1.42592 -3.97085 -8.27364 -14.3338 -22.1508 -31.724 -43.0525 -56.1355 -70.972 -87.5608 -105.901 -125.991 -147.829 
-34.3453 -24.0469 -15.6183 -9.05964 -4.37133 -1.55344 -0.605977 -1.52884 -4.32181 -8.98454 -15.5166 -23.9174 -34.1862 -46.3222 -60.3246 -76.1923 -93.9242 -113.519 -134.975 -158.291 
-35.4924 -24.705 -15.9047 -9.09187 -4.26686 -1.42981 -0.580763 -1.71965 -4.84625 -9.96025 -17.0612 -26.1485 -37.2215 -50.2794 -65.3211 -82.3457 -101.352 -122.339 -145.304 -170.247 
-37.8716 -26.3811 -16.998 -9.72299 -4.55629 -1.49816 -0.548691 -1.70785 -4.97547 -10.3513 -17.8348 -27.4255 -39.1226 -52.9255 -68.833 -86.8442 -106.958 -129.172 -153.487 -179.899 
-40.7524 -28.4748 -18.4254 -10.6047 -5.0131 -1.65095 -0.518385 -1.61542 -4.94193 -10.4977 -18.2822 -28.295 -40.5355 -55.0027 -71.6958 -90.6136 -111.755 -135.119 -160.703 -188.506 
-42.7011 -29.7911 -19.2304 -11.0198 -5.1596 -1.65027 -0.492007 -1.68487 -5.22877 -11.1235 -19.3686 -29.9637 -42.908 -58.2008 -75.8411 -95.8278 -118.16 -142.835 -169.853 -199.211 
-44.9036 -31.3197 -20.2061 -11.5635 -5.39254 -1.69363 -0.467037 -1.71288 -5.43113 -11.6216 -20.2839 -31.4176 -45.0221 -61.0964 -79.6398 -100.651 -124.129 -150.072 -178.478 -209.347 
-47.0447 -32.8036 -21.1513 -12.0886 -5.61612 -1.73443 -0.443852 -1.74455 -5.63653 -12.1197 -21.1936 -32.858 -47.1121 -63.9552 -83.3862 -105.404 -130.008 -157.196 -186.966 -219.317 
-48.9569 -34.1024 -21.953 -12.5096 -5.77304 -1.74384 -0.422392 -1.80894 -5.90355 -12.7061 -22.2164 -34.4339 -49.358 -66.9881 -87.323 -110.362 -136.103 -164.546 -195.688 -229.527 
-51.8607 -36.226 -23.4135 -13.4243 -6.25911 -1.9186 -0.403263 -1.7134 -5.84914 -12.8104 -22.5971 -35.2087 -50.6446 -68.9042 -89.9864 -113.89 -140.615 -170.158 -202.518 -237.694 
-53.2651 -37.0877 -23.8543 -13.5661 -6.22409 -1.82885 -0.380998 -1.88088 -6.32868 -13.7244 -24.0679 -37.3587 -53.5963 -72.7801 -94.909 -119.982 -147.998 -178.955 -212.852 -249.687 
-52.7556 -36.3458 -23.0081 -12.7437 -5.5536 -1.43858 -0.399249 -2.43601 -7.5491 -15.7385 -27.0042 -41.3457 -58.7625 -79.2539 -102.819 -129.457 -159.166 -191.944 -227.791 -266.704 
-50.1962 -33.9225 -20.8516 -10.9849 -4.32325 -0.867583 -0.61854 -3.57657 -9.74194 -19.1147 -31.6947 -47.4816 -66.475 -88.6739 -114.078 -142.685 -174.495 -209.505 -247.714 -289.121 
-50.9833 -34.2741 -20.8952 -10.8478 -4.13302 -0.751915 -0.705178 -3.99334 -10.6167 -20.5755 -33.8695 -50.4985 -70.462 -93.7593 -120.389 -150.351 -183.644 -220.265 -260.214 -303.488 
-53.4038 -35.981 -22.0087 -11.4881 -4.42064 -0.807327 -0.649005 -3.9463 -10.6996 -20.9092 -34.575 -51.6968 -72.2742 -96.3066 -123.793 -154.732 -189.124 -226.965 -268.255 -312.992 
-56.6103 -38.3488 -23.6516 -12.5205 -4.95666 -0.961374 -0.535565 -3.67996 -10.3951 -20.6812 -34.5384 -51.9665 -72.9652 -97.5339 -125.672 -157.378 -192.651 -231.489 -273.892 -319.856 
-58.827 -39.9089 -24.6674 -13.1041 -5.22073 -1.01837 -0.498119 -3.66078 -10.507 -21.037 -35.2511 -53.1491 -74.7308 -99.9956 -128.943 -161.571 -197.88 -237.867 -281.532 -328.871 
-61.6227 -41.946 -26.0584 -13.9617 -5.6575 -1.14726 -0.432077 -3.51287 -10.3903 -21.0649 -35.5368 -53.806 -75.8722 -101.735 -131.394 -164.848 -202.095 -243.135 -287.966 -336.585 
-64.954 -44.4227 -27.7949 -15.0726 -6.25761 -1.35134 -0.355057 -3.26978 -10.0963 -20.8351 -35.4866 -54.0507 -76.5274 -102.916 -133.216 -167.427 -205.548 -247.576 -293.511 -343.35 
-68.2486 -46.8594 -29.4934 -16.1527 -6.83908 -1.55415 -0.299286 -3.0756 -9.88397 -20.725 -35.5992 -54.5065 -77.447 -104.42 -135.426 -170.462 -209.529 -252.625 -299.749 -350.898 
-70.144 -48.1203 -30.2466 -16.5253 -6.95834 -1.54735 -0.293833 -3.199 -10.2638 -21.489 -36.875 -56.4221 -80.1302 -107.999 -140.028 -176.216 -216.563 -261.066 -309.726 -362.538 
-71.9271 -49.2765 -30.9078 -16.8233 -7.02508 -1.51504 -0.294717 -3.36543 -10.7282 -22.3839 -38.3331 -58.5759 -83.1125 -111.943 -145.066 -182.481 -224.188 -270.185 -320.47 -375.042 
-73.8344 -50.5355 -31.6503 -17.1814 -7.13085 -1.50072 -0.292676 -3.50813 -11.1483 -23.2139 -39.7058 -60.6242 -85.9693 -115.741 -149.938 -188.561 -231.609 -279.079 -330.971 -387.283 
-76.3104 -52.2724 -32.7772 -17.8272 -7.42493 -1.57237 -0.27136 -3.52342 -11.3298 -23.6916 -40.6093 -62.0836 -88.1146 -118.702 -153.846 -193.545 -237.799 -286.606 -339.966 -397.875 
-80.3679 -55.3323 -34.9639 -19.2654 -8.23932 -1.88785 -0.212929 -3.21622 -10.8991 -23.2627 -40.3078 -62.035 -88.4445 -119.536 -155.31 -195.765 -240.901 -290.716 -345.21 -404.379 
-83.7611 -57.8495 -36.7271 -20.3968 -8.86119 -2.12268 -0.183298 -3.04481 -10.7087 -23.1762 -40.4482 -62.5253 -89.4079 -121.096 -157.589 -198.888 -244.99 -295.895 -351.602 -412.108 
-88.9509 -61.8613 -39.6842 -22.4226 -10.0794 -2.657 -0.157579 -2.58307 -9.93507 -22.2149 -39.4236 -61.5619 -88.6302 -120.629 -157.557 -199.415 -246.202 -297.917 -354.559 -416.125 
-93.6127 -65.4233 -42.2755 -24.1726 -11.1175 -3.11277 -0.160811 -2.26362 -9.42293 -21.6402 -38.9165 -61.2527 -88.6493 -121.107 -158.624 -201.203 -248.84 -301.537 -359.29 -422.1 
-96.7601 -67.7019 -43.8227 -25.1258 -11.6142 -3.29084 -0.157998 -2.21788 -9.47232 -21.9228 -39.5707 -62.4168 -90.4618 -123.706 -162.149 -205.791 -254.632 -308.67 -367.904 -432.332 
-99.0467 -69.2508 -44.7755 -25.6242 -11.8002 -3.30631 -0.145132 -2.31893 -9.82965 -22.6789 -40.8681 -64.3982 -93.2699 -127.484 -167.039 -211.937 -262.175 -317.755 -378.673 -444.929 
-100.605 -70.1954 -45.2467 -25.7625 -11.746 -3.20034 -0.12817 -2.53188 -10.4135 -23.7748 -42.6172 -66.9417 -96.7492 -132.04 -172.815 -219.072 -270.813 -328.036 -390.739 -458.922 
-103.358 -72.1482 -46.5349 -26.5223 -12.114 -3.31297 -0.122155 -2.54402 -10.5807 -24.2341 -43.5057 -68.3966 -98.9078 -135.04 -176.793 -224.167 -277.161 -335.775 -400.007 -469.856 
-106.648 -74.56 -48.2007 -27.5739 -12.683 -3.53146 -0.122095 -2.45756 -10.5401 -24.3718 -43.9541 -69.2884 -100.376 -137.216 -179.811 -228.159 -282.26 -342.115 -407.72 -479.076 
-110.011 -77.0441 -49.9335 -28.6828 -13.2958 -3.77582 -0.126021 -2.34911 -10.4475 -24.4231 -44.2779 -70.013 -101.63 -139.128 -182.509 -231.773 -286.919 -347.946 -414.854 -487.641 
-112.472 -78.7801 -51.0694 -29.3444 -13.609 -3.86688 -0.121058 -2.37442 -10.6295 -24.8883 -45.1528 -71.4243 -103.704 -141.993 -186.291 -236.598 -292.915 -355.24 -423.572 -497.911 
-116.806 -82.0827 -53.4655 -30.9591 -14.5677 -4.29486 -0.143855 -2.11767 -10.2189 -24.4498 -44.8123 -71.308 -103.938 -142.703 -187.604 -238.64 -295.812 -359.12 -428.561 -504.135 
-121.37 -85.5776 -56.0173 -32.6936 -15.6108 -4.77261 -0.182466 -1.84345 -9.75828 -23.9293 -44.3586 -71.0477 -103.998 -143.21 -188.685 -240.423 -298.424 -362.686 -433.21 -509.994 
-125.269 -88.5094 -58.111 -34.0781 -16.415 -5.12555 -0.213323 -1.68153 -9.53299 -23.7702 -44.3952 -71.4098 -104.815 -144.613 -190.803 -243.386 -302.361 -367.729 -439.488 -517.638 
-129.334 -91.5747 -60.3077 -35.5379 -17.2697 -5.50716 -0.253984 -1.51347 -9.28856 -23.5818 -44.3955 -71.7314 -105.591 -145.975 -192.885 -246.321 -306.282 -372.769 -445.78 -525.315 
-133.517 -94.7365 -62.581 -37.0558 -18.1655 -5.91432 -0.306004 -1.34402 -9.03142 -23.3709 -44.3647 -72.0149 -106.323 -147.29 -194.917 -249.204 -310.151 -377.758 -452.025 -532.949 
-137.886 -98.0545 -64.9816 -38.6727 -19.1327 -6.36577 -0.375873 -1.16658 -8.74106 -23.1021 -44.2521 -72.1932 -106.927 -148.454 -196.777 -251.894 -313.807 -382.515 -458.018 -540.313 
-142.687 -101.737 -67.6794 -40.5207 -20.2655 -6.91813 -0.482778 -0.963094 -8.36237 -22.6835 -43.9291 -72.1011 -107.201 -149.231 -198.192 -254.083 -316.906 -386.66 -463.344 -546.957 
-148.61 -106.368 -71.1553 -42.9763 -21.8365 -7.74037 -0.692212 -0.695814 -7.75461 -21.8716 -43.0495 -71.2904 -106.596 -148.969 -198.408 -254.916 -318.492 -389.136 -466.848 -551.626 
-156.15 -112.383 -75.7798 -46.3459 -24.0865 -9.00651 -1.11016 -0.401454 -6.88397 -20.5609 -41.4349 -69.5084 -104.783 -147.261 -196.944 -253.831 -317.923 -389.22 -467.722 -553.428 
-163.536 -118.285 -80.332 -49.683 -26.3431 -10.3173 -1.61014 -0.225633 -6.16754 -19.4392 -40.0434 -67.9827 -103.259 -145.874 -195.83 -253.126 -317.763 -389.742 -469.062 -555.721 
-171.853 -124.997 -85.5724 -53.5851 -29.0404 -11.9434 -2.29882 -0.110905 -5.38352 -18.1201 -38.3237 -65.9969 -101.142 -143.76 -193.854 -251.423 -316.469 -388.991 -468.989 -556.463 
-179.787 -131.394 -90.5639 -57.3033 -31.6176 -13.5122 -2.99181 -0.0608996 -4.72346 -16.9831 -36.8429 -64.3057 -99.3737 -142.049 -192.333 -250.226 -315.729 -388.843 -469.568 -557.901 
-188.279 -138.278 -95.9704 -61.3629 -34.461 -15.2702 -3.79548 -0.0414127 -4.01215 -15.7114 -35.1425 -62.3083 -97.2112 -139.853 -190.236 -248.36 -314.227 -387.837 -469.19 -558.284 
-196.452 -144.894 -101.16 -65.2554 -37.1862 -16.9582 -4.57642 -0.0457 -3.3703 -14.5541 -33.6005 -60.5125 -95.2926 -137.943 -188.465 -246.861 -313.13 -387.274 -469.292 -559.184 
-204.147 -151.099 -106.006 -68.8731 -39.7073 -18.5141 -5.29895 -0.066676 -2.82172 -13.5681 -32.3093 -59.0485 -93.7884 -136.531 -187.278 -246.032 -312.792 -387.56 -470.334 -561.116 
-211.235 -156.78 -110.412 -72.1378 -41.9638 -19.8959 -5.93956 -0.099883 -2.3814 -12.7883 -31.3241 -57.9922 -92.7953 -135.736 -186.816 -246.036 -313.398 -388.902 -472.548 -564.337 
-217.953 -162.148 -114.562 -75.2018 -44.0745 -21.1858 -6.54131 -0.146256 -2.00533 -12.1228 -30.5025 -57.1477 -92.0613 -135.246 -186.703 -246.435 -314.442 -390.725 -475.285 -568.12 
-227.567 -170.027 -120.835 -79.9961 -47.518 -23.4068 -7.66829 -0.307782 -1.33016 -10.7398 -28.5408 -54.7364 -89.3299 -132.324 -183.72 -243.52 -311.725 -388.337 -473.354 -566.777 
-237.175 -177.933 -127.162 -84.8688 -51.06 -25.7423 -8.9215 -0.603217 -0.792433 -9.49371 -26.7111 -52.4484 -86.7085 -129.494 -180.808 -240.651 -309.025 -385.93 -471.368 -565.337 
-246.871 -185.95 -133.62 -89.8876 -54.7599 -28.2434 -10.3445 -1.06868 -0.421165 -8.40667 -25.0294 -50.2931 -84.2012 -126.756 -177.961 -237.816 -306.325 -383.487 -469.302 -563.772 
-258.001 -195.253 -141.21 -95.8814 -59.273 -31.3921 -12.2449 -1.83717 -0.174323 -7.26118 -23.1021 -47.701 -81.0613 -123.186 -174.077 -233.737 -302.168 -379.369 -465.342 -560.087 
-271.566 -206.717 -150.685 -103.478 -65.1021 -35.5656 -14.8745 -3.0348 -0.0520724 -5.93131 -20.6771 -44.2933 -76.7837 -118.151 -168.399 -227.528 -295.54 -372.437 -458.219 -552.887 
-281.586 -215.085 -157.515 -108.882 -69.1936 -38.4577 -16.6806 -3.8685 -0.0269853 -5.16122 -19.2759 -42.3751 -74.4625 -115.541 -165.614 -224.683 -292.751 -369.817 -455.883 -550.949 
-291.591 -223.437 -164.327 -114.269 -73.2715 -41.3415 -18.4856 -4.71029 -0.0212155 -4.42369 -17.9225 -40.5219 -72.2257 -113.037 -162.959 -221.994 -290.143 -367.408 -453.789 -549.287 
-300.528 -230.847 -170.327 -118.977 -76.804 -43.8158 -20.0192 -5.42074 -0.0262351 -3.8411 -16.8702 -39.118 -70.5883 -111.284 -161.209 -220.365 -288.754 -366.378 -453.236 -549.329 
-309.508 -238.294 -176.358 -123.709 -80.3563 -46.3061 -21.5659 -6.14222 -0.0410655 -3.26798 -15.828 -37.7255 -68.9646 -109.549 -159.481 -218.763 -287.397 -365.386 -452.728 -549.426 
-319.577 -246.695 -183.21 -129.13 -84.4631 -49.2179 -23.4012 -7.0196 -0.0792843 -2.5859 -14.5446 -35.9599 -66.8359 -107.176 -156.984 -216.261 -285.01 -363.233 -450.929 -548.1 
-328.322 -253.944 -189.08 -133.737 -87.9255 -51.6522 -24.9247 -7.74972 -0.133638 -2.08216 -13.6005 -34.6934 -65.3649 -105.619 -155.458 -214.885 -283.903 -362.511 -450.713 -548.507 
-337.614 -261.692 -195.396 -138.736 -91.719 -54.3537 -26.6474 -8.60706 -0.23903 -1.54918 -12.5428 -33.2248 -63.5993 -103.67 -153.44 -212.913 -282.089 -360.971 -449.56 -547.856 
-347.014 -269.563 -201.846 -143.872 -95.6486 -57.1848 -28.4878 -9.56481 -0.422252 -1.06609 -11.5018 -31.7341 -61.7675 -101.606 -151.252 -210.709 -279.979 -359.064 -447.964 -546.68 
-355.802 -276.925 -207.884 -148.688 -99.3457 -59.8659 -30.2559 -10.5228 -0.673342 -0.713456 -10.6487 -30.484 -60.2237 -99.8718 -149.432 -208.906 -278.296 -357.605 -446.834 -545.982 
-365.577 -285.181 -214.72 -154.205 -103.642 -63.0423 -32.4121 -11.759 -1.08958 -0.410115 -9.72616 -29.0427 -58.3643 -97.6949 -147.038 -206.396 -275.771 -355.165 -444.58 -544.015 
-376.067 -294.085 -222.137 -160.234 -108.384 -66.5957 -34.8768 -13.2346 -1.67605 -0.207342 -8.83414 -27.5616 -56.3941 -95.3359 -144.39 -203.56 -272.847 -352.254 -441.782 -541.43 
-384.351 -301.032 -227.85 -164.813 -111.932 -69.2139 -36.6674 -14.2999 -2.1181 -0.128401 -8.33651 -26.7476 -55.3663 -94.1965 -143.242 -202.505 -271.989 -351.694 -441.623 -541.775 
-391.766 -307.198 -232.871 -168.795 -114.98 -71.4331 -38.1634 -15.178 -2.48389 -0.0874722 -7.9945 -26.2102 -54.7392 -93.5855 -142.753 -202.244 -272.06 -352.205 -442.679 -543.482 
-398.009 -312.314 -236.967 -171.98 -117.36 -73.1174 -39.2595 -15.7941 -2.72815 -0.068003 -7.81952 -25.9879 -54.5779 -93.5936 -143.038 -202.915 -273.226 -353.974 -445.158 -546.781 
-405.849 -318.846 -242.3 -176.222 -120.62 -75.503 -40.8798 -16.7577 -3.14387 -0.0446708 -7.46599 -25.4131 -53.8908 -92.903 -142.453 -202.545 -273.18 -354.36 -446.086 -548.359 
-413.804 -325.488 -247.736 -180.558 -123.963 -77.9606 -42.5585 -17.7646 -3.58589 -0.0289525 -7.0997 -24.8035 -53.145 -92.1284 -141.757 -202.034 -272.962 -354.543 -446.777 -549.665 
-423.611 -333.79 -254.636 -186.16 -128.37 -81.2761 -44.8862 -19.2082 -4.24925 -0.0158828 -6.5141 -23.7493 -51.7262 -90.4491 -139.921 -200.146 -271.126 -352.862 -445.356 -548.608 
-434.647 -343.201 -262.521 -192.618 -133.501 -85.1795 -47.6622 -20.9567 -5.07023 -0.00941295 -5.78029 -22.3883 -49.8382 -88.1343 -137.28 -197.279 -268.132 -349.843 -442.412 -545.839 
-447.053 -353.841 -271.492 -200.016 -139.424 -89.7243 -50.9253 -23.0352 -6.06113 -0.00992021 -4.88761 -20.6997 -47.451 -85.1458 -133.788 -193.38 -263.924 -345.423 -437.878 -541.288 
-460.547 -365.455 -281.322 -208.157 -145.971 -94.7726 -54.5709 -25.3737 -7.18837 -0.0216456 -3.87967 -18.768 -44.6914 -81.6544 -129.66 -188.713 -258.813 -339.964 -432.167 -535.422 
-472.822 -375.981 -290.196 -215.477 -151.833 -99.2736 -57.8081 -27.444 -8.18899 -0.0496952 -3.03234 -17.1425 -42.385 -78.7642 -126.284 -184.947 -254.756 -335.712 -427.817 -531.072 
-481.429 -383.226 -296.181 -220.304 -155.604 -102.092 -59.775 -28.6619 -8.75997 -0.0760502 -2.61629 -16.3862 -41.3908 -77.6343 -125.12 -183.852 -253.831 -335.06 -427.54 -531.271 
-488.365 -388.959 -300.819 -223.956 -158.379 -104.098 -61.1212 -29.4568 -9.11224 -0.0943092 -2.40919 -16.0624 -41.0588 -77.4027 -125.098 -184.147 -254.552 -336.315 -429.437 -533.919 
-494.945 -394.361 -305.154 -227.337 -160.918 -105.907 -62.3135 -30.1446 -9.40802 -0.110506 -2.25822 -15.8566 -40.9106 -77.4244 -125.401 -184.845 -255.756 -338.138 -431.991 -537.315 
-501.416 -399.663 -309.401 -230.641 -163.393 -107.665 -63.467 -30.8065 -9.69119 -0.127658 -2.12207 -15.6799 -40.8059 -77.5043 -125.779 -185.631 -257.065 -340.082 -434.681 -540.864 
-507.514 -404.642 -313.372 -233.714 -165.678 -109.275 -64.5118 -31.3973 -9.93882 -0.142996 -2.01595 -15.5631 -40.7892 -77.6984 -126.294 -186.579 -258.556 -342.225 -437.588 -544.645 
-512.741 -408.856 -316.682 -236.228 -167.504 -110.52 -65.2852 -31.8067 -10.0922 -0.148413 -1.98135 -15.5964 -40.9983 -78.1911 -127.178 -187.962 -260.546 -344.929 -441.114 -549.1 
-518.758 -413.785 -320.628 -239.297 -169.802 -112.152 -66.3561 -32.4221 -10.3575 -0.168833 -1.86228 -15.4431 -40.9161 -78.2852 -127.554 -188.724 -261.799 -346.779 -443.665 -552.457 
-525.568 -419.429 -325.208 -242.917 -172.566 -114.164 -67.7194 -33.2406 -10.7349 -0.208895 -1.66867 -15.1195 -40.5661 -78.0123 -127.462 -188.916 -262.379 -347.85 -445.33 -554.819 
